"age","gender","ahe","yrseduc"
30,"male",34.61538315,16
30,"female",19.23077011,16
30,"female",13.73626328,12
30,"female",13.94230747,13
30,"female",19.23077011,16
30,"female",8,12
30,"male",19.23077011,12
29,"male",26.15384674,16
29,"male",26.44230843,16
30,"female",6.221719265,12
29,"male",24.03846169,14
29,"male",38.46154022,18
29,"male",19.23077011,18
29,"female",10.81730747,11
29,"male",5.769230843,12
29,"male",13.5,12
30,"male",12.98076916,16
30,"male",35.47008514,13
30,"male",18.75,16
30,"female",24.03846169,16
30,"male",19.23077011,16
29,"female",15,14
29,"male",8.791209221,12
29,"male",7.692307472,13
30,"male",11.53846169,12
29,"male",28.84615326,13
29,"male",19.18367386,14
30,"male",16.82692337,12
29,"female",24.29149818,16
30,"female",10.2564106,16
30,"male",14.42307663,12
30,"male",12.98076916,13
29,"female",10.1214571,12
29,"male",17.30769157,13
30,"male",9.615385056,13
29,"female",21.97802162,16
29,"male",17.30769157,16
30,"female",5.769230843,16
29,"male",16.82692337,14
29,"female",14.42307663,13
30,"male",17.78846169,12
30,"female",32,18
29,"male",19.23077011,12
29,"male",10,9
30,"male",10,9
30,"male",10,9
30,"female",7.142857075,14
30,"male",18.75048065,16
29,"female",10.57692337,16
29,"female",7.692307472,9
29,"female",17.03296661,16
29,"male",23.07692337,18
30,"male",14.42307663,12
30,"male",14.42307663,16
30,"male",6.25,11
30,"male",22.11538506,12
29,"female",27.77777863,12
30,"male",21.63461494,16
30,"male",10.98901081,16
30,"female",14.42307663,16
30,"male",13.73626328,13
29,"male",12.98076916,12
29,"male",8.653845787,12
30,"female",8.653845787,14
30,"female",12.21955109,14
29,"female",12.5,12
30,"female",14.19413948,16
30,"female",21.63461494,16
30,"female",6.730769157,12
30,"female",17.36923027,14
29,"female",12.01923084,12
30,"male",16.82692337,13
29,"male",53.98173141,12
29,"male",9.615385056,12
30,"female",14.42307663,18
30,"male",16.82692337,13
29,"female",40.06394196,18
29,"male",28.84615326,16
29,"female",30.28846169,16
30,"female",9.615385056,14
29,"female",11.53846169,14
30,"male",21.63461494,12
30,"female",15.38461494,12
29,"male",29.9145298,16
30,"female",14.92500019,13
30,"male",14.42307663,14
30,"male",11.21794891,13
30,"female",28.63247871,18
29,"male",19.23077011,18
30,"female",19.23077011,16
29,"female",11.05769253,13
29,"female",11.53846169,16
30,"male",31.25,12
30,"male",24.03846169,14
30,"female",22.30769157,16
29,"male",16.82692337,13
30,"female",19.66783142,16
29,"male",17.18494225,13
30,"female",25,16
30,"female",28,16
29,"female",32.69230652,16
30,"male",14.00560188,12
30,"male",10.98901081,12
29,"male",14.9572649,16
29,"male",27.88461494,16
30,"female",10.09615421,13
30,"male",13.46153831,6
30,"male",2.136752129,12
29,"male",23.93162346,14
29,"female",13.35470104,13
29,"male",18.57692337,18
29,"female",17.07740402,16
30,"male",22.11538506,16
30,"male",17.94871712,16
30,"female",12.01923084,14
30,"male",11.05769253,12
30,"male",39.2628212,16
30,"female",18.81270981,18
29,"male",14.42307663,12
29,"female",16.82692337,12
30,"female",15.38461494,13
29,"female",15.38461494,13
30,"male",19.23077011,18
30,"male",19.23077011,12
29,"female",16.20192337,16
29,"female",11.53846169,13
30,"male",6.976744175,12
30,"female",20.19230843,13
29,"male",12.5,12
30,"female",6.25,12
30,"female",13.46153831,18
30,"female",12.98076916,12
29,"male",16.82692337,14
30,"male",29.4017086,16
30,"male",14.79289913,13
30,"female",18.75,13
30,"male",25,16
30,"male",14.61538506,14
30,"male",8.222596169,9
30,"male",19.95192337,16
30,"female",22.03525734,18
29,"male",21.44970322,13
29,"male",13.02083302,12
29,"female",10.57692337,13
30,"male",18.49112511,14
30,"male",3.571428537,13
29,"male",12.5,18
29,"male",6.875,12
30,"male",4.807692528,6
30,"male",8.653845787,12
29,"male",9.95192337,16
29,"female",6.224696159,13
29,"male",12.01923084,12
30,"male",17.31999969,16
30,"female",10.47403812,16
29,"female",28.6713295,16
29,"male",8.653845787,13
29,"female",16.34615326,18
30,"male",24.26739883,16
29,"female",12.01923084,13
29,"male",3.891941309,12
29,"female",21.15384674,16
29,"female",12.01923084,18
29,"female",5.494505405,13
29,"female",9.615385056,13
29,"male",12.5,14
30,"male",24.03846169,14
29,"male",10.09615421,13
30,"male",21.36752129,13
30,"male",10.98901081,12
29,"male",32.69230652,13
30,"male",8.974358559,16
29,"male",16.82692337,12
30,"female",11.05769253,13
29,"female",7.932692528,12
29,"female",20.5662384,14
30,"male",20.75961494,16
30,"female",20.67307663,13
30,"male",8.136095047,12
30,"male",9.615385056,12
29,"male",13.46153831,12
30,"male",9.134614944,12
29,"male",7.211538315,13
29,"female",4.326922894,13
29,"female",18.75,16
29,"female",16.02564049,14
29,"male",11.53846169,16
29,"male",21.12980843,16
29,"male",27.40384674,16
29,"female",8.603239059,16
29,"male",14.87451935,10
29,"male",15.38461494,16
30,"female",4.307692528,6
29,"female",14.90384579,16
29,"female",10.25,12
30,"female",17.78846169,13
29,"female",26.55677605,16
29,"male",48.07692337,16
29,"male",25.96153831,14
29,"female",20.19230843,16
29,"male",12.96958828,12
29,"male",24.35897446,13
29,"male",9.615385056,6
29,"male",10,12
29,"female",9.615385056,12
30,"male",19.6078434,18
29,"female",10.57692337,13
30,"male",10.05917168,16
29,"female",20.83333397,13
29,"female",12.82051277,16
30,"male",20.19230843,16
29,"female",11.53846169,13
29,"male",12.35294151,13
29,"female",6.258503437,13
29,"male",8.192788124,12
29,"male",14.04134655,12
29,"female",21.04957199,16
29,"male",10.2564106,12
30,"female",19.4285717,16
29,"male",16.72240829,18
29,"male",15.46822739,18
29,"male",15.97633171,12
29,"male",10.03846169,12
29,"female",16.34615326,12
29,"male",20.19230843,14
29,"male",11.73076916,16
29,"female",14.42307663,13
30,"male",9.615385056,12
29,"female",7.5,8
30,"male",16.34615326,6
30,"male",20.67307663,12
29,"female",16.82692337,14
29,"male",11.53846169,16
29,"male",16.82692337,12
30,"male",15.27153873,12
29,"male",17.1875,12
29,"female",28.84615326,16
29,"female",8.653845787,11
29,"male",10.41666698,9
29,"female",12.5,12
29,"male",22.11538506,14
29,"female",29.58579826,13
30,"male",9.615385056,12
29,"female",9.558823586,16
30,"female",3.058823586,11
30,"male",9.759230614,13
30,"male",6.730769157,12
30,"female",12.01923084,12
30,"male",10.98901081,12
29,"female",14.90384579,12
30,"male",10.09615421,10
29,"female",13.94230747,12
29,"male",11.90476227,13
29,"male",9.615385056,12
30,"male",26.34615326,18
29,"male",7.692307472,12
29,"female",2.884615421,13
30,"female",4.199999809,13
30,"female",11.53846169,13
30,"male",6.557692528,12
30,"female",17.30769157,18
30,"female",10.57692337,13
29,"female",9.134614944,13
30,"female",14.42307663,16
30,"male",15.10988998,14
29,"male",15.73426533,12
30,"male",8.190883636,16
29,"male",8.653845787,12
30,"female",10.98901081,12
29,"male",18,16
30,"male",7.8125,13
30,"male",20,16
30,"male",43.26922989,16
30,"female",19.23077011,16
30,"female",14.9572649,12
30,"male",15.38461494,12
29,"male",14.42307663,16
30,"female",5.494505405,11
30,"male",14.14027119,11
29,"male",10.71428585,14
29,"male",25.32051277,16
29,"female",6.009615421,12
29,"male",9.134614944,12
30,"female",20.29914474,14
30,"male",15.38461494,13
29,"male",19.58041954,13
29,"male",14.51923084,13
29,"female",45.67307663,16
29,"male",38.46154022,18
30,"female",20.40816307,13
30,"male",9.615385056,18
29,"female",21.97802162,16
29,"female",8.603239059,13
30,"male",12.01923084,12
30,"female",13.46153831,16
30,"male",26.44230843,16
29,"male",8.241758347,10
30,"female",9.615385056,12
29,"female",11.53846169,14
30,"male",14.42307663,16
30,"male",31.25,16
30,"female",31.25,16
29,"male",28.5714283,16
30,"male",21.63461494,12
30,"male",31.25,16
29,"male",24.51922989,18
29,"male",11.05769253,12
29,"male",12.98076916,16
30,"male",20.19230843,13
30,"male",8.17307663,16
29,"male",14.90384579,12
29,"female",22.11538506,12
29,"male",10.43956089,13
30,"female",13.125,16
29,"male",8.846154213,8
30,"male",11.05769253,16
29,"male",26.92307663,16
30,"female",17.30769157,16
30,"female",6.75,12
29,"female",13.46153831,12
29,"male",31.25,13
29,"female",21.63461494,13
30,"female",15.91346169,13
30,"male",16.92307663,13
29,"female",26.04166603,13
29,"female",7.5,12
30,"female",19.23077011,13
29,"male",18.26922989,13
30,"female",16.70040512,16
30,"male",11.27450943,12
30,"male",21.97802162,12
29,"male",10.76923084,16
30,"male",15.38461494,12
29,"male",14.42307663,13
29,"female",16.34615326,14
30,"male",27.77777863,14
29,"female",13.46153831,13
30,"male",32.05128098,16
30,"male",11.05769253,12
30,"male",26.44230843,12
29,"female",16.34615326,16
29,"male",50.90909195,16
30,"male",13.24786282,12
29,"male",10.2564106,13
29,"male",20.19230843,12
29,"male",19.23077011,18
29,"female",19.23077011,18
30,"male",10.57692337,12
30,"male",23.07692337,16
29,"male",20.5128212,16
30,"male",6.783216953,18
30,"female",28.84615326,18
30,"female",24.03846169,13
30,"female",24.66666603,18
30,"female",16.58653831,18
29,"male",12.01923084,12
29,"male",17.52136803,16
30,"female",15.38461494,13
29,"male",23.07692337,16
29,"female",7.371794701,13
30,"female",5.341880322,16
29,"male",17.19567299,12
30,"male",30.76922989,16
30,"male",19.23077011,18
30,"female",11.07692337,13
29,"male",16.82692337,12
30,"male",13.73626328,13
30,"male",16.02564049,13
29,"female",19.23077011,13
30,"female",13.22115421,14
30,"female",22.95192337,16
29,"male",20,13
30,"male",15,12
29,"male",13.46153831,12
30,"female",12.98076916,13
30,"female",26.44230843,16
29,"female",9.615385056,13
30,"male",19.23077011,10
30,"male",16.23931694,16
30,"male",9.615385056,11
29,"male",34.61538315,18
30,"male",28.84615326,16
30,"female",16.82692337,16
29,"male",23.50427437,16
29,"male",24.03846169,18
29,"male",16.65103149,12
30,"male",16.82692337,13
29,"male",15.38461494,18
29,"male",19.23077011,14
30,"male",16.43356705,16
30,"female",8.17307663,14
30,"female",21.75,16
29,"female",13.46153831,14
30,"female",42.30769348,14
30,"female",3.605769157,13
29,"male",16.82692337,16
29,"male",15.46153831,13
29,"male",13.65096188,12
29,"female",5.288461685,8
30,"female",14.42307663,12
30,"male",25,12
29,"female",40.86538315,16
30,"female",24.03846169,12
29,"male",22,13
30,"female",14.42307663,12
30,"female",2.747252703,9
29,"female",6.730769157,11
30,"female",10.1214571,12
29,"male",9.391771317,16
29,"female",6.923077106,12
30,"male",20.38461494,16
29,"male",24.03846169,13
29,"female",17.1875,14
30,"female",5.769230843,9
30,"female",8.288461685,6
29,"male",18.81270981,16
29,"male",10.30219746,13
30,"male",15,13
30,"male",14.42307663,8
29,"male",13.94230747,13
30,"male",33.65384674,14
30,"female",12.01923084,13
29,"female",22.22222137,16
30,"male",20.19230843,12
30,"female",9.615385056,16
29,"male",24.51922989,18
30,"male",14.42307663,12
30,"female",11.45833302,16
30,"female",15.625,14
30,"female",21.97802162,13
30,"female",10.6275301,16
29,"female",13.84615421,13
29,"female",14.42307663,13
29,"male",15.43269253,13
29,"female",19.23077011,18
30,"male",8.284023285,16
30,"male",10.81730747,12
30,"female",11.4285717,13
30,"male",9.245562553,12
30,"female",12.01923084,12
29,"male",22.11538506,9
30,"male",13.94230747,12
29,"female",7.211538315,13
30,"male",10.57692337,12
30,"male",14.42307663,9
29,"male",56.60416794,16
30,"male",19.23077011,13
30,"male",24.03846169,14
30,"female",17.69230843,14
29,"male",12.58741283,16
29,"male",21.36752129,12
30,"male",24.03846169,13
29,"male",18.02884674,12
29,"male",16.48351669,13
30,"male",10.68376064,16
29,"male",10,8
29,"female",18.26922989,13
30,"male",9.615385056,14
29,"male",22.99331093,18
29,"female",17.30769157,18
29,"male",26.92307663,13
30,"male",40.86538315,16
29,"male",25.51020432,12
30,"female",26.92307663,13
30,"male",22.59615326,12
30,"female",3.846153736,12
29,"male",33.65384674,14
30,"male",12.23776245,16
30,"male",12.98076916,12
30,"male",2.644230843,13
29,"male",12.30769253,12
30,"male",12.75,18
29,"male",16.82692337,16
30,"male",25,12
29,"male",16.82692337,16
30,"female",6.730769157,9
29,"male",22.11538506,16
29,"male",6.593406677,11
29,"male",19.23077011,13
29,"male",8.974358559,12
29,"female",11.10000038,13
29,"male",15.38461494,12
29,"female",12.5,16
29,"female",22.89377213,16
29,"female",17.12932777,16
30,"male",6.778846264,11
30,"male",25,16
29,"female",11.53846169,11
29,"female",12.5,13
30,"male",25.64102554,13
30,"female",11,12
30,"male",15.14423084,12
30,"female",18.75,12
30,"male",14.58333302,16
30,"male",7.211538315,13
30,"male",11.02564144,13
30,"female",11.53846169,14
30,"female",5.555555344,12
29,"male",10.02403831,11
29,"female",12.01923084,13
30,"female",10.91476059,12
29,"male",34.92063522,12
29,"male",13.94230747,14
30,"female",14.42307663,14
30,"female",8.947368622,12
29,"male",12.01923084,12
30,"female",11.53846169,16
30,"male",9.615385056,12
30,"male",16.66666603,12
30,"female",9.615385056,11
29,"male",11.53846169,12
30,"female",16.82692337,13
29,"male",13.46153831,13
29,"male",13.24786282,12
29,"male",12.01923084,13
30,"male",16.20370293,11
29,"female",7.5,14
30,"male",19.23077011,14
29,"male",8.653845787,8
29,"male",12.82051277,14
30,"female",8.17307663,16
30,"female",14.9572649,14
30,"male",20.19230843,14
29,"female",19.23077011,18
30,"female",15.625,13
30,"male",17.15686226,12
29,"male",16.82692337,12
30,"male",21.97802162,16
30,"female",17.54807663,16
30,"female",10,16
29,"male",20,16
30,"male",14.9572649,16
30,"male",39.0625,12
29,"female",12.01923084,13
30,"female",15.38461494,16
29,"male",17.94871712,16
30,"male",34.61538315,12
29,"male",16.34615326,10
30,"female",23.07692337,18
30,"female",8.814102173,13
30,"male",14.42307663,18
30,"female",15.29720306,12
29,"male",13.46153831,16
30,"male",14.42307663,12
30,"male",14.42307663,12
29,"male",10.09615421,12
29,"male",13.70192337,16
29,"male",31.25,12
29,"male",13.2867136,13
30,"male",40.86538315,16
30,"male",38.46154022,16
29,"male",16.82692337,13
30,"male",11.53846169,12
30,"male",19.23077011,16
29,"male",12.82051277,16
30,"male",41.95804214,16
30,"male",10,12
29,"female",11.89903831,16
30,"male",21.97802162,16
29,"female",5.208333492,11
29,"male",20.19230843,12
30,"male",17.320261,12
30,"male",74.5192337,16
30,"male",13.98601437,13
29,"female",24.03846169,13
30,"female",9.615385056,8
29,"male",17.30769157,13
29,"female",19.23077011,16
30,"male",42.30769348,13
29,"female",10.57692337,13
30,"male",19.6581192,16
30,"male",9.615385056,12
30,"male",12.01923084,13
30,"female",12.01923084,12
30,"male",7.272727489,12
29,"female",18.50961494,16
29,"male",7.211538315,12
29,"female",7.211538315,10
29,"female",23.07692337,12
30,"male",8.069231033,12
29,"male",11.83431911,16
30,"male",38.46154022,16
29,"male",17.7010498,12
30,"male",10.57692337,12
30,"female",13.94230747,13
30,"male",19.23077011,12
30,"female",24.03846169,16
30,"female",9.615385056,13
29,"female",17.98077011,18
29,"male",36.05769348,13
29,"female",33.78378296,18
29,"male",29.80769157,13
30,"female",12.63736248,13
29,"male",19.23077011,16
30,"female",9.134614944,12
29,"male",16.66666603,12
29,"male",35.09615326,12
30,"male",15.54828167,16
30,"male",19.23077011,13
30,"male",8.17307663,12
30,"female",9.230769157,13
29,"male",9.8039217,12
29,"male",24.03846169,16
29,"male",18.26922989,12
30,"female",16.82692337,18
30,"male",32.69230652,16
30,"male",36.05769348,13
29,"female",13,13
29,"male",12.5,14
30,"female",13.67521381,12
30,"male",8.17307663,12
30,"male",10.98901081,12
30,"male",9.615385056,12
30,"male",6.923077106,12
29,"male",15.96153831,14
29,"male",14.02243614,13
29,"male",13.73626328,12
30,"female",21.97802162,16
30,"male",25,16
30,"male",14.86013985,16
30,"male",12.98076916,13
30,"male",19.23077011,13
29,"female",25,13
29,"male",21.05999947,16
29,"male",4.166666508,16
29,"male",46.15384674,13
30,"male",28.84615326,12
29,"female",10.9375,12
30,"female",9.615385056,13
29,"male",86.53845978,13
29,"female",14.6875,16
30,"male",24.03846169,16
30,"female",14.42307663,12
30,"female",8.653845787,13
29,"female",28.36538506,18
30,"male",49.51922989,14
29,"male",55.28845978,18
29,"female",12.63736248,18
29,"male",11,12
29,"female",8.547008514,13
29,"female",21.36752129,16
29,"male",17.78846169,14
29,"female",19.23077011,12
29,"male",7.5,6
30,"female",11.29807663,16
29,"male",19.23077011,12
29,"male",13.94230747,13
29,"female",6.25,9
29,"female",8.653845787,12
30,"male",10.09615421,11
30,"female",14.58333302,11
29,"male",27.2435894,12
30,"female",14.42307663,12
29,"female",16.82692337,16
29,"male",47.11538315,18
29,"female",19.23077011,14
29,"male",13.02083302,12
29,"male",11.53846169,16
30,"male",9.615385056,12
29,"female",2.56410265,11
30,"male",13.6217947,13
30,"male",8.17307663,12
30,"male",19.23077011,14
30,"female",13.35470104,13
29,"male",20.0854702,16
29,"female",16.70040512,16
29,"male",24.03846169,13
30,"male",14.42307663,12
30,"female",15.38461494,16
29,"male",4.430769444,12
29,"female",13.07692337,13
30,"female",35.09615326,18
29,"male",17.94871712,16
29,"male",9.615385056,12
30,"female",12.74038506,18
30,"male",21.63461494,13
29,"female",11.53846169,14
30,"female",5.288461685,14
30,"male",34.61538315,12
30,"female",10.57692337,12
30,"male",29.58579826,13
30,"female",34.13461685,18
29,"male",27.47252655,12
30,"male",5.528846264,13
30,"male",12.08791256,12
29,"male",11.53846169,12
29,"female",16.82692337,13
29,"female",16.74679565,16
29,"female",19.23077011,16
30,"female",17.52136803,16
29,"female",6.730769157,12
29,"female",9.8039217,12
29,"female",12.69230747,13
29,"male",35.7142868,12
30,"female",15.86538506,16
29,"male",6.946153641,12
29,"male",46.15384674,18
29,"male",10.38461494,12
30,"male",8.653845787,12
29,"female",7.984615326,12
29,"male",9.615385056,12
29,"female",14.10256386,12
30,"male",8.653845787,13
29,"female",11.05769253,12
29,"male",23,14
30,"male",7.692307472,13
29,"female",25.64102554,18
29,"male",14.42307663,14
29,"female",33.65384674,16
29,"female",5.769230843,12
30,"female",21.63461494,12
30,"male",15.86538506,16
29,"male",19.23077011,16
30,"male",24.03846169,12
30,"male",13.46153831,8
29,"male",19.6078434,11
30,"male",25.24038506,13
29,"male",28.84615326,13
29,"female",20.19230843,16
29,"male",43.26922989,16
30,"female",16.94139099,16
30,"male",9.615385056,12
29,"female",14.42307663,16
29,"male",12.5,12
30,"male",17.48251724,18
29,"female",9.230769157,16
30,"male",14.52991486,14
30,"male",5.288461685,11
30,"male",16.82692337,13
29,"male",17.09401703,12
30,"male",11,9
30,"male",36.92307663,16
29,"male",12.01923084,12
30,"female",16.34615326,13
30,"female",14.86013985,16
29,"male",7.692307472,12
30,"female",33.65384674,18
29,"male",9.616346359,13
29,"male",15.38461494,12
29,"male",15,14
29,"male",18,12
30,"male",14.9572649,12
29,"male",9,12
29,"female",20,18
29,"male",14.18269253,12
29,"male",17.78846169,13
29,"male",12.39316273,12
30,"female",9.890110016,12
30,"female",26.34615326,16
29,"female",16.34615326,13
29,"female",13.5746603,18
30,"male",15.38461494,13
30,"male",18.26922989,13
29,"female",16.66666603,16
29,"male",10.76923084,12
29,"male",21.36752129,12
30,"female",12.01923084,13
30,"male",5.288461685,12
30,"male",11.53846169,14
29,"female",22.45986557,16
30,"female",15.38461494,12
30,"male",12.01923084,12
30,"male",13.94230747,12
29,"male",15.04653835,13
30,"male",14.60114002,12
30,"male",14.42307663,13
29,"female",5.769230843,13
30,"male",12.30769253,12
30,"female",16.34615326,13
30,"female",17.78846169,18
29,"male",25.96153831,16
30,"female",19.6581192,16
30,"female",18.49112511,16
29,"male",3.328402281,12
30,"male",3.328402281,12
29,"male",11.53846169,12
29,"male",12.23776245,12
30,"male",13.69047642,12
30,"female",21.36752129,14
30,"male",12.82051277,12
30,"male",28.84615326,16
30,"male",12.01923084,16
29,"female",11.66666698,16
29,"male",16.34615326,12
29,"male",24.72527504,16
30,"female",16.82692337,16
30,"male",27.88461494,12
29,"female",12.74038506,12
29,"male",7.692307472,12
29,"male",14.18269253,13
30,"female",6.730769157,12
29,"female",5.288461685,16
30,"male",15.86538506,12
30,"female",4.615384579,14
30,"female",8.012820244,18
30,"male",16.34615326,16
29,"female",9.230769157,12
29,"female",15.38461494,18
29,"female",15.38461494,16
30,"female",17.03296661,16
30,"male",16.34615326,12
30,"female",16.23931694,12
30,"male",18.26922989,13
29,"male",21.07988167,12
29,"male",9.615385056,12
30,"male",14.42307663,13
30,"female",10.41586494,13
30,"male",37.11538315,13
30,"female",14.42307663,12
29,"female",17.10526276,13
30,"male",36.05769348,13
30,"female",26.37362671,18
30,"female",11.53846169,12
30,"female",13.46153831,12
30,"female",8.653845787,13
29,"female",38.94230652,14
29,"male",11.53846169,12
30,"male",11.05769253,12
29,"male",8.07692337,16
30,"female",3.846153736,14
30,"female",15.86538506,13
29,"male",84.13461304,12
29,"female",21.97802162,16
30,"male",19.23077011,12
29,"female",15.86538506,16
30,"female",33.28402328,18
30,"female",10.52631569,13
30,"male",10.09615421,12
29,"male",9.348290443,13
30,"male",82.77591705,16
29,"male",9.065934181,13
29,"female",45.67307663,18
29,"female",15.38461494,12
30,"male",34.18803406,18
29,"male",10,12
30,"female",12.93269253,12
30,"male",26.44230843,12
30,"female",14.42307663,13
30,"female",19.23077011,13
30,"female",15.38461494,16
29,"male",28.84615326,12
30,"female",13.36682701,13
29,"female",24.03846169,16
29,"male",15.86538506,12
29,"male",21.63461494,14
29,"male",18.15476227,14
30,"male",11.44688606,12
29,"female",20.83333397,16
30,"male",21.36752129,14
30,"male",31.25,13
29,"female",24,16
29,"female",18.26922989,12
29,"male",12.01923084,12
30,"female",7.142857075,12
30,"male",9.615385056,13
29,"male",30.06410217,12
29,"male",15.38461494,14
29,"male",9.615385056,12
29,"male",8.153845787,12
30,"female",16.34615326,18
30,"female",12.82051277,13
29,"male",20.97902107,14
30,"male",97.5,16
29,"female",7.211538315,9
29,"male",35.16483688,12
29,"female",8.653845787,16
30,"male",19.23077011,12
30,"female",9.340659142,12
30,"male",16.34615326,16
30,"female",20.67307663,16
30,"female",11.21794891,16
29,"male",17.30769157,12
29,"female",23.07692337,12
30,"male",24.03846169,16
29,"male",36.05769348,12
29,"female",20.2429142,14
30,"male",14.42307663,13
30,"female",40.86538315,16
29,"male",11.53846169,16
30,"male",9.615385056,18
30,"male",7.843137264,12
29,"male",17.30769157,13
30,"male",8.741258621,12
30,"female",20.4959507,16
29,"male",15.38461494,18
30,"male",19.95192337,13
29,"male",12,13
30,"female",14.42307663,18
29,"male",11.53846169,13
30,"male",24.03846169,13
29,"male",8.17307663,6
30,"female",12.98076916,13
29,"male",25.84615326,12
29,"female",10.09615421,13
30,"male",47.00384521,12
30,"male",3.219696999,16
29,"male",19.23077011,12
30,"male",7.5,11
30,"male",7.5,8
30,"male",7.5,11
30,"male",50.96154022,16
29,"male",26.31579018,13
29,"female",24.03846169,18
29,"female",16,12
30,"female",32.69230652,16
30,"male",12.25490189,13
29,"male",12.82051277,11
30,"male",31.25,16
29,"male",31.25,14
30,"female",8.75,18
29,"male",16.875,13
29,"male",20.67307663,14
30,"female",13.46153831,16
30,"female",11.53048801,16
30,"female",16,12
30,"female",10.14957237,16
29,"male",12.01923084,12
30,"male",14.54402542,13
30,"male",15.38461494,18
30,"male",21.63461494,18
30,"male",9.615385056,12
30,"female",11,16
29,"male",14.7435894,16
29,"male",27.69230843,12
30,"female",21.15384674,16
30,"female",15.38461494,16
29,"female",8.547008514,13
30,"female",10.6275301,9
29,"male",8.241758347,6
30,"female",10.33653831,10
30,"male",9.568750381,9
29,"female",6.384615421,12
29,"male",12.01923084,14
29,"female",9.134614944,14
30,"female",14.42307663,18
29,"female",7.339743614,13
30,"male",9.114583015,12
29,"female",14.42307663,10
29,"male",19.23077011,11
29,"male",16.02564049,16
29,"male",12.5,12
30,"male",12,13
29,"male",15.70192337,11
30,"female",24.51826859,16
30,"male",7.692307472,6
29,"female",10.32451916,13
30,"male",9.829059601,16
29,"male",9.615385056,14
30,"male",5.769230843,12
30,"male",27.88461494,13
30,"female",14.42307663,12
30,"female",6.593406677,12
29,"female",27.77777863,14
29,"female",13.46153831,12
30,"female",22.30769157,12
30,"female",23.55769157,16
30,"female",13.46153831,6
29,"male",21.63461494,13
29,"male",29.80769157,16
30,"male",6.730769157,10
29,"female",9.615385056,10
29,"male",36.05769348,13
29,"male",23.07692337,16
29,"male",22.39583397,16
29,"male",17.30769157,14
29,"male",11.35135174,13
30,"male",25,12
29,"male",11.91489315,12
29,"female",11.01762867,13
30,"male",30.76922989,16
30,"male",10.2564106,9
29,"male",19.32692337,16
30,"male",10.8560791,12
29,"female",14.82371807,12
29,"female",15.38461494,12
30,"male",12.08791256,12
30,"male",12.01923084,8
30,"male",14.42307663,13
29,"female",12.5,14
29,"male",13.31360912,13
30,"female",8.461538315,11
30,"female",17.30769157,16
29,"female",11.05769253,12
30,"male",6.593406677,12
29,"female",19.23077011,18
29,"male",26.44230843,18
29,"female",9.230769157,16
29,"male",15.38461494,14
29,"male",12.82051277,14
29,"male",9.615385056,12
29,"male",13.94230747,13
30,"male",7.5,8
29,"male",6.25,13
30,"male",8.17307663,12
29,"female",17.52136803,16
29,"male",28.84615326,14
29,"male",20.19230843,13
29,"male",11.05769253,16
29,"male",7.692307472,12
30,"male",16.9871788,14
30,"male",10.23076916,13
29,"male",16.82692337,12
29,"male",12.5,12
30,"male",25.96153831,13
30,"female",6.730769157,6
29,"male",16.34615326,10
29,"male",19.23077011,18
29,"female",15.38461494,16
29,"female",18.62637329,14
29,"male",26.44230843,12
30,"female",12.5,13
29,"male",7.211538315,14
30,"female",7.211538315,13
30,"male",8.170513153,12
29,"female",14.42307663,16
29,"male",7.692307472,6
29,"male",8.653845787,6
29,"male",14.9572649,16
29,"female",19.23077011,16
30,"female",7.766272068,12
29,"female",6.868131638,12
30,"male",26.44230843,12
29,"male",19.23077011,16
30,"female",5.769230843,12
30,"male",7.211538315,12
30,"female",9.5,11
30,"male",16.82692337,12
30,"female",9.615385056,12
29,"male",27.0979023,16
29,"female",9.615385056,16
30,"female",7.211538315,12
29,"female",12.01923084,12
30,"male",13.19711494,6
29,"male",25,16
30,"female",14.90384579,12
29,"male",14.42307663,16
29,"male",20,12
29,"male",12.01923084,12
30,"female",9.935897827,12
30,"male",21.15384674,18
29,"female",18.26922989,12
30,"female",16.82692337,14
29,"male",38.46154022,16
29,"male",8.012820244,9
30,"female",10.76923084,12
30,"male",17.30769157,16
30,"female",11.53846169,13
30,"male",17.30769157,13
29,"female",10.33653831,12
30,"female",6.730769157,12
30,"male",21.36752129,18
30,"female",16.82692337,16
29,"male",5.982905865,9
29,"female",14.23076916,16
29,"male",9.615385056,12
30,"female",10.41666698,12
30,"male",15.38461494,12
29,"male",48.55769348,13
30,"female",26.44230843,18
29,"female",16.82692337,12
29,"female",17.62019157,16
30,"male",12.30769253,14
29,"male",16.82692337,16
30,"male",24.03846169,16
30,"female",14.10256386,16
29,"male",15.03496456,14
29,"male",21.63461494,12
29,"male",29.80769157,16
30,"female",9.134614944,14
29,"female",6.730769157,13
29,"female",4.120879173,16
29,"male",4.807692528,16
30,"male",13.89999962,12
30,"male",27.26202011,12
30,"female",36.05769348,16
29,"male",9.615385056,16
29,"male",7.211538315,12
30,"male",14.42307663,12
29,"male",15.1709404,13
30,"male",9.615385056,11
29,"male",12.30769253,16
30,"female",16.82692337,18
29,"female",9.134614944,11
29,"female",13.46153831,16
30,"male",19.23077011,16
29,"male",20.5128212,13
30,"female",8.17307663,14
30,"female",14.42307663,13
30,"male",11.80555534,12
29,"male",12.30769253,13
29,"male",6.25,12
30,"male",10.09615421,13
30,"female",15.76923084,18
30,"male",27.40384674,14
29,"male",13.46153831,11
30,"male",18.26922989,16
29,"female",25.64102554,16
29,"male",19.23077011,12
29,"female",13.89903831,13
29,"male",20.67307663,12
29,"male",52.16345978,16
30,"male",14.61538506,18
29,"male",14.42307663,12
29,"male",9.615385056,16
30,"male",21.63461494,12
29,"male",26.44230843,14
29,"male",23.07692337,16
30,"male",38.46154022,18
29,"male",10.57692337,10
30,"female",22.64957237,16
29,"male",14.05325413,14
30,"female",18.26922989,16
29,"male",8.461538315,12
29,"female",10.57692337,13
29,"female",13.24786282,12
29,"female",12.5,16
30,"male",19.23077011,16
30,"male",21.63461494,12
30,"female",15.38461494,16
30,"female",22.11538506,16
29,"female",16.82692337,18
30,"male",30,16
29,"male",20,16
30,"female",28.84615326,16
30,"male",10.2564106,16
29,"female",9.615385056,14
30,"female",7.548077106,16
30,"male",26.44230843,12
29,"male",15.30769253,16
29,"female",10.09615421,16
29,"male",12.11538506,12
29,"male",7.25,6
29,"male",10.09615421,13
30,"male",9.615385056,13
30,"male",16.82692337,12
29,"female",12.5,12
30,"male",16.34615326,12
30,"male",16.82692337,16
30,"male",15.38461494,12
30,"female",16.10577011,12
30,"male",17.30769157,16
29,"female",15.38461494,16
29,"male",19.23077011,12
29,"female",66.78413391,16
30,"male",14.42307663,13
29,"female",13.94230747,16
29,"male",16.23999977,13
29,"male",6.25,9
30,"male",8.653845787,9
30,"male",7.982583523,16
29,"male",24.03846169,12
30,"male",33.65384674,16
29,"male",28.84615326,11
29,"female",11.53846169,16
29,"male",23.07692337,13
29,"female",11.01586533,18
29,"male",11.53846169,12
30,"female",12.5,13
29,"male",15,16
29,"male",19.23077011,13
30,"male",23.07692337,13
29,"male",15.22435856,12
29,"male",11.8842659,12
29,"female",17.30769157,12
29,"male",12.5,18
29,"female",10.57692337,12
30,"female",25.48077011,16
30,"female",14.42307663,14
29,"male",16.82692337,13
30,"female",11.11111069,16
30,"female",9.615385056,12
29,"male",10.38461494,16
30,"female",10.76923084,16
30,"male",14.6875,16
29,"male",19.71153831,12
29,"male",11.53846169,13
30,"male",14.42307663,12
29,"male",9.401709557,14
30,"male",21.63461494,12
30,"male",15,12
30,"male",11,12
29,"female",22,16
30,"male",16.82692337,14
30,"female",16.82692337,16
30,"female",17.78846169,13
29,"female",9.081196785,13
30,"female",9.615385056,11
30,"male",14.42307663,12
30,"female",7.211538315,12
30,"male",16.82692337,12
30,"female",11.05769253,16
30,"female",6.730769157,12
30,"female",10.57692337,12
29,"male",24.03846169,16
30,"male",38.94230652,16
29,"male",10.625,12
29,"female",11.53846169,12
30,"male",17.30769157,12
30,"female",12.11538506,14
30,"male",32.06634521,13
29,"male",14.42307663,12
29,"female",16.34615326,16
30,"female",31.73077011,13
30,"female",11.53846169,13
30,"female",9.615385056,14
30,"male",10.98901081,16
29,"female",14.52991486,16
30,"male",34.61538315,12
29,"male",31.25,14
30,"male",19.87179565,13
30,"male",40.59828949,13
29,"male",24.03846169,14
29,"female",11.55769253,11
30,"female",14.42307663,12
30,"male",9.615385056,9
30,"female",19.23077011,13
30,"female",8.17307663,10
30,"male",7.211538315,12
30,"male",20,12
29,"male",7.211538315,11
30,"female",41.53845978,14
29,"female",7.211538315,13
29,"male",25.96153831,13
29,"male",7.5,6
29,"male",16.82692337,12
29,"male",15.38461494,13
29,"male",9.635416985,13
29,"male",20.14652061,16
29,"female",2.884615421,13
30,"male",9.134614944,12
29,"male",16.48351669,12
30,"female",9.545454979,16
29,"female",13.46153831,12
30,"male",17.30769157,13
30,"male",12.98076916,12
29,"male",16.82692337,16
29,"male",15.38461494,13
30,"female",23.07692337,16
30,"male",34.61538315,18
29,"male",8.17307663,13
30,"male",12.5,13
29,"male",15.1960783,13
30,"male",5.208333492,13
30,"male",10.92500019,12
29,"male",13.94230747,12
29,"male",11.53846169,12
30,"male",14.21153831,14
30,"male",9.615385056,12
30,"female",16.34615326,12
30,"male",5.769230843,6
30,"male",10.57692337,14
30,"male",7.211538315,13
30,"male",21.15384674,12
29,"female",11.53846169,11
30,"male",2.403846264,11
29,"male",11.92307663,13
30,"female",16.23931694,16
29,"female",39.2156868,16
29,"male",76.92308044,14
30,"male",14.42307663,13
29,"female",8.11978054,16
29,"female",18.75,16
30,"male",32.21154022,16
29,"male",22.11538506,14
29,"male",9.134614944,13
30,"male",9.615385056,13
30,"female",12.01923084,13
30,"male",6.25,12
30,"male",21.39422989,18
29,"male",9.230769157,13
29,"male",8.653845787,12
30,"female",12.01923084,16
29,"male",17.94871712,16
30,"male",10,12
30,"female",24.03846169,16
30,"male",6.923077106,9
30,"male",6.129807472,6
30,"female",7.211538315,12
30,"male",16.82692337,12
29,"female",14.42307663,16
29,"male",13.84615421,12
29,"female",14.42307663,16
29,"female",16.34615326,16
30,"male",12.01923084,8
30,"male",14.42307663,12
29,"female",8,13
29,"female",7.5,16
29,"female",19.71153831,16
29,"male",15.86538506,16
29,"male",24.03846169,13
30,"male",15.38461494,13
29,"female",12.67482471,14
30,"male",15.53254414,14
30,"female",10.96491241,16
29,"male",14.18269253,13
29,"female",16.82692337,16
29,"male",10,12
29,"male",10,8
29,"female",21.36752129,16
30,"male",25.64102554,16
29,"male",23.07692337,12
30,"male",23.07692337,12
30,"female",14.83516502,13
29,"female",20.67307663,13
30,"female",14.42307663,14
30,"female",5.769230843,12
29,"male",9.763313293,16
30,"male",7.211538315,6
30,"male",3.125,13
30,"male",21.36752129,14
30,"male",10.09615421,10
29,"female",14.52991486,16
29,"male",22.11538506,13
29,"male",8.653845787,13
29,"male",38.46154022,12
29,"male",17.30769157,12
29,"female",24.03846169,16
29,"female",21.87836456,13
30,"male",5.288461685,8
29,"male",7.211538315,12
29,"male",21.63461494,13
30,"male",20,12
30,"female",23.50427437,18
30,"female",17.30769157,16
30,"male",20.67307663,16
29,"male",9.615385056,16
29,"female",7.692307472,13
29,"male",15,12
29,"female",9.615385056,12
29,"female",9.615385056,12
29,"female",14.42307663,13
30,"male",21.15384674,13
29,"male",10,12
30,"male",13.58012867,13
29,"male",19.6581192,14
29,"male",13.46153831,16
30,"male",11.53846169,12
30,"male",7.692307472,13
30,"male",13.94230747,18
29,"male",8.653845787,14
30,"female",15.25054455,13
30,"female",4.807692528,12
29,"male",16.15384674,14
29,"male",21.15384674,14
29,"male",18.58974266,14
30,"male",38.01431274,13
29,"male",22.11538506,13
30,"female",12.01923084,12
29,"female",14.90384579,12
29,"female",19.23077011,16
29,"female",32.21154022,16
30,"male",28.84615326,16
30,"male",19.23077011,12
30,"female",30.28846169,12
29,"male",24.03846169,16
29,"female",16.82692337,13
29,"male",20,16
30,"male",2.884615421,8
30,"male",32.69230652,16
29,"male",11.05769253,6
29,"female",13.37307739,13
30,"female",14.42307663,12
29,"male",8.653845787,13
29,"male",10,13
30,"male",14.85714245,13
29,"male",9.615385056,14
29,"male",9.871794701,14
29,"female",13.94230747,16
30,"male",19.23077011,12
29,"male",14.42307663,12
30,"male",28.84615326,16
29,"female",20.67307663,16
29,"female",10.6275301,12
30,"female",7.142857075,12
30,"female",11.53846169,13
29,"male",12.98076916,12
30,"female",19.23077011,16
29,"female",5.076922894,13
30,"male",17.09401703,8
30,"female",14.39999962,16
29,"female",19.23077011,13
29,"female",17.30769157,12
30,"female",20.19230843,16
29,"male",21.63461494,16
30,"male",16.82692337,12
29,"male",19.23077011,16
29,"male",21.63461494,16
29,"male",35.16483688,14
30,"male",15.38461494,12
29,"male",34.18803406,14
29,"female",12.01923084,14
29,"female",31.18503189,12
29,"female",36.05769348,16
30,"male",19.23077011,6
30,"male",12.01923084,12
29,"female",8.800000191,12
30,"male",9.615385056,12
29,"male",9.265734673,12
29,"female",12.01923084,12
29,"male",19.23077011,18
29,"female",12.01923084,16
30,"female",8.875740051,13
30,"male",14.90384579,16
29,"female",10.57692337,12
29,"female",14.9145298,11
30,"female",12.5,12
30,"female",7.591093063,14
29,"female",14.42307663,13
30,"male",8.653845787,13
29,"male",24.18884659,12
29,"female",14.42307663,14
29,"male",7.211538315,12
29,"female",6.923077106,12
30,"female",7.294117451,12
29,"male",36.05769348,16
30,"female",19.23077011,12
30,"female",15.38461494,13
30,"male",14.42307663,13
30,"female",14.42307663,13
29,"female",9.134614944,16
29,"male",22.18934822,16
29,"male",10,11
29,"male",12.5,6
29,"female",17.69230843,16
30,"male",20.19230843,12
29,"male",10,12
30,"male",11.53846169,13
30,"male",38.46154022,16
30,"female",29.9145298,16
29,"male",19.23077011,13
30,"male",24.03846169,11
29,"female",12.5,14
30,"female",18.19126892,13
29,"female",21.36752129,13
29,"male",17.30769157,16
30,"male",14,12
30,"male",34.61538315,16
30,"female",13.94230747,13
30,"male",17.30769157,12
29,"male",24.03846169,16
29,"female",6.730769157,8
29,"male",16.82692337,12
29,"female",8.791209221,12
29,"male",12,6
30,"female",10.2564106,16
30,"male",7.211538315,12
30,"female",16.27219009,13
29,"male",10.625,12
30,"female",24.03846169,18
29,"female",12.01923084,16
30,"male",14.5,12
30,"male",14.42307663,16
30,"male",15.69858742,12
30,"female",16.15384674,13
30,"female",16.34615326,18
29,"female",12.63736248,12
29,"male",18.16239357,13
29,"female",17.09401703,16
29,"male",19.23077011,16
29,"male",10.2564106,12
29,"female",10.09615421,14
30,"female",15.10988998,14
29,"male",20.0854702,13
29,"male",19.61538506,16
29,"female",8.241758347,12
30,"female",11.05769253,13
30,"male",9.375,13
30,"male",17.48251724,12
29,"female",12.01923084,16
29,"male",19.71153831,12
30,"female",10.16483498,13
30,"male",16.34615326,13
29,"male",9.368836403,13
29,"male",6.593406677,13
29,"male",16.25,12
30,"male",18.3150177,12
30,"female",21.97802162,16
30,"male",34.72222137,14
29,"male",8.653845787,14
29,"female",16.82692337,14
29,"female",12.5,12
30,"male",26.92307663,16
29,"male",10.98901081,12
29,"male",28.84615326,16
30,"male",15.14423084,14
30,"male",10.2564106,16
30,"female",16.82692337,16
30,"female",14.28571415,12
29,"female",20.27026939,16
30,"male",59.23077011,16
30,"female",21.15384674,16
29,"female",9.245562553,12
29,"male",15.18218613,14
30,"female",22.12339783,14
29,"male",17.30769157,12
30,"female",12.01923084,13
30,"male",20.0892849,12
30,"female",26.92307663,13
29,"male",11.875,14
30,"male",14.42307663,11
29,"male",26.44230843,12
29,"male",7.403846264,16
29,"male",9.890110016,13
30,"male",12.01923084,16
30,"female",9.615385056,13
30,"female",9.615385056,18
30,"female",5.769230843,11
30,"male",14.42307663,12
30,"male",19.23077011,14
30,"male",13.66396809,14
29,"female",5.263157845,12
30,"female",17.30769157,12
30,"female",26.92307663,14
30,"male",19.23077011,12
30,"male",11.36752129,12
30,"male",31.73077011,14
30,"male",2.724359035,14
29,"male",17.5,16
29,"female",5.288461685,16
30,"female",37.01922989,16
29,"female",14.42307663,12
30,"female",13.22115421,11
29,"male",12.01923084,12
30,"female",13.84615421,13
29,"male",25,16
30,"male",7.632692337,12
30,"female",16.06394196,12
29,"female",14.90384579,13
30,"male",10.09615421,12
29,"male",15.38461494,12
30,"female",7.211538315,12
30,"female",12.01923084,14
30,"male",25,16
29,"male",18.50961494,16
29,"female",12.01923084,16
29,"female",9.38086319,16
30,"male",18.37606812,14
30,"female",11.53846169,16
29,"male",9.807692528,12
30,"male",14.42307663,6
30,"male",12.98076916,12
29,"male",4.807692528,12
29,"male",9.615385056,14
30,"female",13.2867136,13
30,"male",12.30769253,16
30,"female",19.23077011,13
29,"female",18.26922989,16
29,"female",15.38461494,13
29,"female",18.21862411,16
30,"female",14.42307663,16
30,"male",9.615385056,6
30,"female",9.615385056,12
30,"female",19.23077011,18
29,"male",12.23776245,12
29,"female",16.82692337,16
30,"female",5.769230843,12
29,"female",19.23077011,16
29,"female",11.05769253,13
29,"male",12.01923084,13
30,"female",16.34615326,13
30,"male",86.53845978,13
30,"male",16.82692337,16
29,"male",7.211538315,6
29,"female",12.98076916,12
30,"male",20.43269157,16
29,"male",15.38461494,12
29,"male",14.42307663,12
29,"male",18.26922989,16
30,"male",9.615385056,10
29,"female",41.34615326,16
29,"female",16.02564049,16
30,"male",31.25,16
29,"female",15.92307663,18
30,"male",30.76922989,12
30,"female",16.82692337,13
30,"male",26.92307663,12
29,"female",7.692307472,12
29,"female",11.53846169,16
30,"male",57.69230652,18
29,"female",5.547337055,10
29,"female",6.25,12
29,"male",12.98076916,12
29,"male",10.57692337,12
29,"male",13.18681335,12
30,"male",14.42307663,9
30,"female",8,12
30,"male",10,12
30,"female",16.82692337,14
29,"male",9.134614944,13
29,"male",19.23077011,14
30,"male",12.94117641,12
30,"male",9.615385056,12
30,"male",43.75,18
30,"male",19.23077011,12
30,"male",20.76922989,13
29,"female",9.615385056,16
29,"female",19.23077011,16
29,"female",19.23077011,16
30,"male",5.384615421,12
30,"male",14.42307663,12
29,"male",21.63461494,16
30,"male",10.09615421,11
29,"male",25.96153831,14
29,"female",49.51922989,16
29,"female",14.42307663,14
29,"male",12.5,14
30,"female",26.44230843,16
30,"male",23.93162346,16
29,"female",19.23077011,12
30,"female",28.84615326,16
29,"male",12.98076916,12
29,"male",24.03846169,12
30,"male",11.53846169,14
30,"female",12.62857151,14
30,"female",12.39999962,12
29,"male",10.09615421,14
29,"male",49.45055008,16
30,"female",19.23077011,16
30,"male",34.61538315,16
30,"male",8.75,12
29,"female",19.23077011,13
29,"male",18.46153831,16
29,"female",14.10256386,18
30,"male",26.92307663,16
30,"male",9.615385056,12
30,"male",36.05769348,13
29,"female",26.92307663,16
30,"male",18.26922989,12
30,"female",8.547008514,13
30,"female",10.57692337,16
29,"male",15,12
30,"male",34.18803406,12
30,"male",7.820512772,12
30,"male",16.82692337,16
30,"female",14.34965038,18
29,"female",11.92307663,14
29,"female",19.71153831,16
30,"male",12.98076916,12
30,"male",7.211538315,16
29,"male",8.741258621,18
29,"male",11.53846169,12
29,"male",39.44871902,12
30,"male",27.23776245,16
30,"female",26.59574509,14
30,"female",18.75,14
30,"male",8.653845787,13
30,"male",24.23077011,12
30,"male",18.07692337,12
30,"female",9.615385056,13
29,"male",20,16
30,"male",21.39422989,16
29,"female",14.42307663,13
30,"female",12.01923084,13
29,"female",16.11226654,12
29,"female",12.01923084,14
29,"female",15.38461494,12
30,"female",17.15976334,16
29,"female",20.34023666,16
29,"female",12.98076916,13
30,"female",18.75,12
29,"female",16.58653831,13
29,"female",14.42307663,13
29,"female",12.98076916,16
29,"female",19.23077011,16
30,"female",20.19230843,16
30,"female",38.46154022,16
30,"male",30.36437225,16
29,"male",11.53846169,10
30,"female",12.01923084,12
29,"male",19.87179565,16
30,"male",12.98076916,10
30,"male",18.26922989,16
29,"male",10.68376064,16
29,"male",16.19822502,12
30,"male",53.41880417,16
30,"male",10.57692337,12
29,"male",6.971153736,9
30,"male",11.90476227,18
30,"female",14.47368431,16
30,"male",10.57692337,8
30,"male",12.30769253,12
29,"male",4.423077106,8
30,"male",7.692307472,12
29,"male",26.15384674,16
29,"male",18.13186836,9
30,"male",6.172839642,13
29,"male",15.81196594,13
30,"female",12.5,16
29,"female",8.653845787,8
29,"male",17.09401703,13
29,"female",19.23077011,16
29,"male",9.134614944,13
29,"male",16.82692337,12
29,"female",9.759614944,14
29,"female",9.134614944,14
29,"male",13.94230747,12
30,"male",23.07692337,12
30,"male",16.82692337,13
29,"female",11.53846169,16
30,"male",20.88461494,13
29,"female",14.42307663,13
30,"male",11.21794891,18
30,"male",15.73426533,12
30,"female",12.39529896,13
30,"male",13.94230747,14
29,"male",14.15598297,12
29,"male",14.42307663,12
30,"male",18.75,14
30,"male",14.42307663,14
29,"female",16.82692337,14
29,"female",21.63461494,18
29,"male",13.84615421,13
30,"male",13.46153831,12
29,"male",16.82692337,13
29,"female",9.586056709,16
29,"female",17.11538506,14
29,"male",14.42307663,13
29,"female",7.211538315,13
29,"female",4.554656029,14
29,"male",6.153846264,12
29,"female",28.5714283,18
30,"female",10.68376064,12
29,"male",23.07692337,16
29,"female",19.71153831,16
30,"female",9.615385056,13
30,"male",43.26922989,12
29,"male",10.57692337,13
30,"male",9.615385056,12
30,"male",14.42307663,12
30,"female",21.44970322,14
30,"female",24.03846169,12
30,"female",30.76922989,16
30,"female",18.26922989,16
29,"male",12.30769253,14
30,"male",16.82692337,9
29,"female",21.15384674,12
30,"female",16.82692337,16
30,"female",14.9572649,16
29,"female",11.53846169,16
29,"female",35.57692337,16
29,"female",12.5,16
30,"female",16.34615326,11
29,"female",10.57692337,13
30,"male",2.884615421,9
29,"male",15.38461494,12
30,"female",22.11538506,12
30,"female",7.211538315,13
30,"male",11.5,16
29,"male",4.653846264,16
30,"female",12.98076916,12
30,"male",12.92067337,11
30,"male",25,13
30,"female",12.98076916,13
30,"female",10.57692337,12
29,"male",7.451922894,12
30,"male",5.769230843,12
30,"female",15.92307663,18
29,"female",33.65384674,12
30,"female",19.23077011,12
29,"female",19.23077011,16
30,"female",9.615385056,12
30,"female",19.23077011,13
30,"male",22.11538506,12
29,"male",24.03846169,16
30,"male",14.42307663,13
30,"female",18.26922989,16
30,"male",11.53846169,13
29,"male",23.07692337,13
29,"male",8.79807663,12
30,"male",25,12
30,"female",8.653845787,12
30,"female",17.48251724,14
30,"female",12.01923084,16
30,"female",17.88908768,13
29,"male",12.5,12
30,"male",15.13911629,14
29,"female",20.19230843,12
29,"male",24.03846169,13
30,"female",12.01923084,12
30,"female",16.82692337,13
29,"female",26.31579018,16
30,"male",20.67307663,12
29,"male",6.938775539,14
29,"male",21.15384674,14
29,"male",33.17307663,16
30,"male",9.829059601,16
30,"female",18.26922989,16
30,"male",9.615385056,12
29,"female",8.17307663,12
29,"male",16.82692337,12
29,"male",36.05769348,18
29,"male",7.692307472,12
29,"male",4.273626328,12
29,"female",14.90384579,16
29,"male",7.47863245,13
29,"male",19.23077011,12
30,"male",10.85972881,16
29,"male",10.57692337,6
29,"female",11.05769253,12
29,"male",40.86538315,16
29,"female",14.42307663,14
29,"female",44.23077011,16
29,"female",3.571428537,11
30,"male",23.07230759,14
30,"female",11.53846169,12
29,"female",27.88461494,18
29,"female",20.19230843,12
29,"male",18.22916603,12
29,"male",12.01923084,12
29,"female",7.8125,14
30,"female",4.807692528,11
30,"male",25,12
30,"male",14.90384579,16
30,"male",25,16
30,"male",37.24519348,12
29,"female",14.90384579,16
29,"female",12.5,18
30,"female",24.03846169,18
30,"male",24.03846169,16
29,"female",12.74038506,16
29,"female",33.84615326,16
30,"male",40.86538315,13
30,"male",6.31868124,8
30,"male",5.594405651,13
29,"female",9.615385056,14
29,"female",16.66666603,14
29,"male",20.2429142,16
29,"male",14.42307663,12
29,"male",9.340659142,13
29,"female",9.473684311,12
29,"male",12.01923084,16
29,"female",18.69658089,16
30,"female",15.38461494,18
29,"male",24.03846169,14
29,"female",9.615385056,13
29,"female",24.78632545,16
29,"male",7.692307472,10
29,"female",15.38461494,13
30,"male",32.69230652,18
29,"male",20.19230843,16
29,"male",5.076922894,8
30,"male",17.09401703,12
30,"female",17.30769157,13
30,"female",14.42307663,14
30,"male",18.83012772,12
30,"male",17.53393745,16
30,"male",34.18803406,12
30,"male",28.84615326,16
29,"male",20.19230843,16
30,"female",7.211538315,13
30,"female",15.38461494,13
29,"male",8.547008514,12
30,"male",14.61538506,13
29,"male",15.86538506,14
30,"male",9.615385056,12
29,"male",20.5128212,12
29,"female",17.30769157,16
29,"male",15.38461494,13
30,"male",40.38461685,16
29,"female",14.42307663,16
29,"male",21.41827011,13
30,"female",13.94230747,12
29,"male",23.45538521,13
29,"female",16.82692337,12
29,"female",16.82692337,13
30,"male",9.134614944,13
30,"male",30.28846169,18
29,"male",5.538461685,16
29,"male",27.40384674,16
29,"male",2.403846264,12
29,"male",21.63461494,13
30,"male",19.23077011,16
30,"female",18.75,16
29,"male",11.53846169,9
30,"male",21.63461494,16
30,"male",26.47058868,12
30,"female",22.11538506,16
29,"male",12.69230747,13
30,"male",20,12
30,"female",3.846153736,10
29,"male",11.33241749,13
29,"female",30.98290634,13
30,"female",11.53846169,13
30,"female",29.80769157,13
30,"female",24.03846169,16
30,"male",25,13
30,"female",17.66090965,16
29,"male",17.30769157,12
30,"female",16.34615326,14
30,"male",7.692307472,16
30,"male",12.5,13
30,"male",10.68376064,13
29,"male",8.571428299,16
30,"male",21.63461494,13
29,"male",7.5,12
29,"male",12,16
30,"male",10.375,12
29,"male",14.42307663,12
29,"female",7.211538315,9
29,"male",19.23077011,12
29,"male",18.13269234,13
30,"male",21.15384674,11
29,"male",13.46153831,16
29,"female",39.90384674,16
30,"female",23.07692337,18
29,"male",34.18803406,16
30,"male",18.02884674,13
30,"female",33.65384674,16
30,"male",19.23077011,16
30,"female",11.53846169,14
30,"male",13.84615421,12
29,"female",13.51351357,13
29,"male",57.69230652,16
29,"male",27.30769157,16
29,"female",9.615385056,12
29,"male",13.58012867,13
30,"male",27.88461494,18
29,"male",7.692307472,12
29,"male",18.46153831,16
30,"male",16,12
30,"female",19.23077011,18
30,"female",5.769230843,13
30,"female",21.63461494,16
30,"female",13.46153831,13
29,"female",7.692307472,12
29,"male",16.82692337,13
30,"male",14.42307663,10
30,"male",6.410256386,12
30,"male",14,16
29,"male",28.84615326,16
29,"female",5.128205299,12
29,"male",50.48077011,16
30,"male",14.42307663,6
30,"male",20.71006012,13
30,"female",7.504690647,13
29,"male",16.02564049,12
30,"female",13.22115421,12
30,"female",13.70192337,12
30,"female",13.94230747,13
29,"female",17.09401703,12
30,"female",19.23077011,13
29,"male",23.50427437,16
29,"female",16.11226654,12
30,"female",19.23077011,16
30,"female",7.211538315,14
29,"female",14.88461494,16
30,"female",5.769230843,12
29,"male",16.875,14
30,"male",14.42307663,8
29,"male",8.791209221,6
30,"female",6.971153736,12
29,"male",12.59615421,12
29,"male",19.23077011,13
30,"male",33.85416794,14
30,"female",12.5,12
29,"male",14.42307663,12
30,"female",22.11538506,16
30,"male",19.23077011,18
30,"male",9.615385056,8
29,"male",8.653845787,9
29,"male",23.07692337,13
30,"female",15.48846149,16
30,"female",61.11111069,16
30,"female",12.01923084,12
29,"female",15.38461494,14
29,"male",9.615385056,12
29,"female",5.547337055,16
30,"female",6.736363411,14
29,"male",8.333333015,9
29,"female",23.07692337,16
30,"female",7.211538315,12
29,"male",13.33333302,10
30,"male",25.64102554,14
29,"male",11.25,11
29,"female",6.596153736,12
30,"male",13.2867136,13
29,"male",12.30769253,12
29,"male",16.82692337,12
29,"female",11.53846169,13
30,"female",20.19230843,16
29,"female",14.42307663,13
29,"male",7.211538315,13
29,"male",13.22115421,16
30,"male",5.769230843,12
29,"male",14.50288486,13
29,"male",15.38461494,13
30,"male",11.53846169,12
29,"female",18.71101952,13
30,"male",19.23077011,16
30,"female",5.384615421,16
29,"male",9.615385056,13
29,"male",6.730769157,13
30,"male",17.7514801,12
30,"female",9.615385056,16
29,"female",17.78846169,16
30,"female",61.18881226,12
30,"male",11.05769253,9
30,"female",33.65384674,10
29,"male",37.5,16
30,"female",13.46153831,18
30,"female",19.71153831,18
29,"female",12.01923084,16
29,"female",14.42307663,16
30,"male",21.53846169,12
30,"male",24.03846169,14
29,"male",19.23077011,18
30,"male",17.30769157,16
29,"male",25,18
30,"male",10.76923084,13
29,"female",10.09615421,13
29,"male",19.23077011,14
30,"female",13.46153831,12
30,"male",5.769230843,12
29,"male",15.86538506,16
30,"female",13.46153831,14
30,"male",11.73076916,12
29,"male",14.42307663,12
30,"male",5.769230843,9
29,"male",29.64743614,13
30,"female",12.5,13
30,"female",7.932692528,12
30,"male",13.0624094,16
30,"female",7.788461685,14
29,"male",14.42307663,12
29,"male",57.69230652,18
29,"male",13.94230747,13
30,"male",15.38461494,18
29,"male",14.42307663,13
29,"male",18.26922989,14
29,"male",6.923077106,12
30,"female",24.35897446,16
29,"female",10.81730747,13
29,"female",9.134614944,13
29,"male",15.86538506,14
29,"male",30.76922989,16
29,"female",11.07692337,13
29,"female",35.25640869,12
29,"female",8.012820244,14
29,"female",14.42307663,16
30,"male",18.07692337,12
30,"male",19.6078434,16
30,"male",24.03846169,12
29,"male",16.82692337,12
30,"male",24.95421219,16
29,"female",18.30769157,13
29,"female",11.44688606,16
30,"male",11.86813164,14
29,"female",31.25,14
29,"male",16.72240829,13
29,"male",19.09722137,12
30,"female",15.38461494,12
29,"male",9.285714149,14
30,"female",10.98901081,13
29,"male",13.94230747,12
30,"female",26.44230843,16
29,"male",10,12
30,"male",6.730769157,12
29,"female",12.01923084,13
29,"female",6.734694004,16
30,"male",4.807692528,9
30,"male",12.5,12
29,"male",9.600000381,12
29,"male",24.03846169,12
30,"female",17.5,12
29,"female",19.23077011,16
30,"female",10.57692337,14
30,"male",9.615385056,12
29,"male",11.53846169,12
30,"male",6.25,11
29,"female",20.19230843,16
30,"male",10.5,10
30,"male",8.17307663,12
30,"female",19.23077011,16
29,"female",14.42307663,12
30,"male",13.46153831,16
30,"female",4.807692528,12
30,"female",10.57692337,16
29,"male",14.42307663,13
30,"female",4.807692528,12
30,"male",15.38461494,16
29,"female",8.894230843,13
29,"male",13.84615421,14
30,"male",11.64743614,14
29,"male",10.57692337,13
29,"male",5.723443031,13
30,"male",45.09615326,12
30,"male",28,16
29,"female",16.15384674,13
30,"male",15,12
29,"female",5.769230843,8
30,"male",11.53846169,13
29,"male",54.9450531,12
29,"male",15.55944061,14
30,"female",10.57692337,13
29,"female",12.25961494,18
30,"male",23.50427437,16
29,"male",44.07051468,16
29,"male",14.9572649,16
30,"female",18.26922989,16
29,"male",7.5,9
30,"male",8.17307663,12
30,"male",18.26922989,6
30,"male",17.78846169,13
30,"male",6.04395628,8
29,"male",13.75,6
30,"female",43.26922989,16
29,"male",30.28846169,18
30,"female",16.82692337,16
30,"male",46.15384674,16
29,"male",20.19230843,16
30,"male",48.07692337,16
30,"male",8.653845787,11
29,"female",6.25,12
29,"male",25,16
30,"female",19.71153831,16
30,"male",20.67307663,14
30,"female",12.5,12
29,"male",9.615385056,16
29,"male",17.30769157,9
30,"female",26.70940208,16
30,"male",17.8571434,12
29,"male",37.01922989,16
29,"male",24.03846169,12
30,"female",20.4959507,16
29,"female",16.82692337,14
30,"female",14.90384579,12
29,"female",24.03846169,18
29,"male",16.82692337,16
29,"male",7.259615421,13
30,"male",23.07692337,16
30,"male",13.63636398,12
30,"female",11.25,12
30,"female",25.96153831,16
30,"male",16.82692337,14
29,"female",11.00961494,13
29,"female",22.05555534,18
30,"male",9.375,12
29,"male",9.615385056,12
29,"male",12.01923084,12
29,"female",12.5,12
30,"female",32.90598297,16
29,"female",9.615385056,14
30,"male",19.23077011,13
29,"male",20.19230843,13
30,"male",16.02564049,14
30,"female",19.23077011,12
29,"male",15.38461494,10
30,"female",20.19230843,18
30,"male",28.84615326,16
29,"female",20.67307663,16
29,"male",22.30769157,13
29,"female",10.41666698,12
29,"female",13.94230747,12
30,"male",55.28845978,16
29,"male",28.84615326,14
30,"male",23.0927887,13
30,"male",24.29149818,13
30,"female",4.807692528,12
29,"female",16.82692337,16
30,"female",28.84615326,16
30,"male",31.25,16
29,"female",10.57692337,12
30,"male",13.0624094,16
29,"female",27.88461494,13
30,"male",24.03846169,12
30,"female",12.01923084,16
30,"female",16.25,18
29,"male",26.92307663,6
30,"female",14.28571415,12
29,"female",20.2429142,13
29,"male",24.03846169,13
30,"male",15.38461494,13
30,"male",14.90384579,12
29,"female",8.17307663,12
30,"female",14.17004013,13
29,"male",22.55555534,13
29,"female",19.23077011,18
29,"male",17.05128288,13
29,"male",23.14814758,12
30,"male",11.94999981,12
30,"male",32.05128098,12
30,"male",8,12
30,"female",16.39999962,14
30,"female",13.33333302,14
30,"female",33.65384674,18
30,"male",16.66666603,16
30,"male",9.567307472,13
29,"male",8.881118774,14
30,"male",14.42307663,12
30,"male",28.63247871,16
30,"female",16.58653831,16
30,"male",33.65384674,16
30,"male",24.03846169,12
30,"male",10,12
29,"male",11.05128193,13
29,"male",12.5,16
29,"male",4.730769157,12
30,"female",19.23077011,16
29,"male",17.4418602,12
29,"female",11.05769253,12
29,"male",13.98601437,12
30,"female",11.05769253,12
29,"female",8.810375214,12
29,"male",13.18681335,12
29,"male",11.92307663,16
30,"male",14.84711552,13
30,"female",20.0524044,13
30,"female",27.98077011,13
30,"male",15.38461494,13
29,"male",16.82692337,12
30,"male",12.39316273,13
30,"male",19.23077011,12
29,"female",9.113461494,12
29,"male",12.82051277,16
30,"female",13.94230747,12
30,"male",17.30769157,13
30,"female",31.25,16
30,"female",13.35470104,14
30,"female",11,8
29,"female",15.14423084,13
29,"male",12.82051277,16
30,"male",17.69230843,12
29,"female",12.01923084,12
30,"male",35.15384674,14
29,"male",14.23076916,12
29,"male",11.25,11
30,"male",20.19230843,13
30,"female",21.15384674,12
30,"male",12.82051277,12
29,"male",12.98076916,12
30,"female",4.807692528,16
30,"male",22.22222137,13
30,"female",10.57692337,14
29,"male",5.144230843,12
30,"male",23.07692337,16
29,"female",11.60288429,18
29,"male",9.890110016,12
29,"female",21,13
29,"male",25,13
29,"female",14.90384579,12
30,"female",12.01923084,14
29,"male",30.28846169,14
30,"male",14.42307663,18
30,"male",16.34615326,16
30,"male",9.615385056,12
29,"female",14.90384579,13
30,"male",22.35577011,16
30,"female",8.653845787,14
29,"male",2.797202826,13
29,"male",12.82019234,16
29,"male",20.19230843,14
30,"female",9.134614944,13
29,"male",18.58974266,14
29,"female",9.615385056,14
30,"female",17.30769157,12
30,"male",13.41681576,12
29,"female",15.38461494,13
29,"female",11.53846169,16
30,"male",21.15384674,12
30,"male",19.71153831,9
30,"male",36.05769348,16
30,"female",14.28571415,13
29,"female",18.75,14
29,"male",21.15384674,13
29,"female",6.722689152,12
30,"male",17.69230843,13
29,"female",16.34615326,13
30,"male",21.63461494,13
29,"female",21.63461494,16
30,"male",21.36752129,16
29,"male",34.3406601,14
29,"female",21.63461494,18
29,"male",10.57692337,16
29,"male",18.80341911,18
30,"male",27.97202873,13
30,"male",18.26922989,12
29,"female",19.71153831,16
29,"male",8.241758347,12
29,"female",15.86538506,18
29,"male",13.46153831,12
30,"male",6.410256386,14
30,"female",9.285714149,12
29,"male",14.42307663,12
29,"male",40.06410217,16
29,"female",19.71153831,18
29,"female",21.15384674,16
30,"male",21.15384674,16
30,"female",9.615385056,12
29,"female",17.30769157,12
30,"male",10.81730747,12
30,"female",5,6
29,"female",23.50427437,16
30,"female",15.38461494,14
30,"male",20.67307663,14
30,"female",19.71153831,12
30,"male",11.55555534,8
30,"male",29.80769157,12
29,"male",18.02884674,12
29,"female",14.42307663,13
29,"male",9.615385056,16
29,"male",15.38461494,13
30,"female",9.230769157,12
29,"male",10.2564106,12
30,"male",13.22115421,12
30,"male",11.53846169,6
29,"male",20.38461494,16
29,"male",12.5,10
29,"female",11.53846169,14
30,"male",23.07692337,16
29,"male",12.69230747,13
30,"male",16.82692337,12
30,"male",12.53846169,12
29,"female",8.17307663,13
29,"male",20.2429142,13
30,"female",12.98076916,13
30,"female",3.885003805,14
29,"male",19.95192337,12
30,"male",14.05325413,13
30,"female",15.38461494,13
29,"male",9.615385056,14
29,"female",11.53846169,13
30,"male",17.09401703,12
29,"female",13.36538506,16
29,"female",7.692307472,14
30,"male",28.84615326,16
29,"female",11.05769253,16
30,"male",12.5854702,13
29,"female",9.79020977,13
29,"male",9.615385056,9
30,"male",51.28205109,18
30,"female",6.122448921,13
29,"male",7.211538315,12
29,"female",6,18
30,"female",16.82692337,18
30,"male",24.03846169,18
29,"female",11.21794891,12
30,"female",19.23077011,16
29,"male",7.211538315,14
29,"male",9.615385056,14
29,"male",12.5,13
29,"male",8.238866806,16
29,"female",6.25,14
29,"female",11.53846169,13
30,"male",8.133846283,14
30,"female",12.01923084,12
29,"female",18.92361069,14
29,"male",14.90384579,12
30,"female",5.673077106,13
29,"male",17.78846169,16
30,"female",9.600000381,12
30,"male",28.84615326,14
29,"female",8.489583015,13
29,"male",10.2564106,13
30,"male",8.653845787,12
29,"male",9.616666794,13
29,"male",8.17307663,12
29,"male",11.53846169,12
29,"male",9,12
29,"female",10.20408154,11
29,"female",15.38461494,16
30,"male",6.25,9
29,"female",8.547008514,12
29,"female",11.53846169,16
30,"male",12.69230747,12
29,"male",19.23077011,16
29,"male",15.45329666,16
29,"female",31.73077011,18
29,"male",31.25048065,12
30,"female",36.53845978,16
29,"male",19.71153831,13
30,"female",7.083333492,10
30,"male",16.82692337,16
29,"female",28.84615326,13
30,"male",17.30769157,18
29,"male",30.76922989,16
30,"male",16.53846169,16
30,"male",16.82692337,12
29,"male",12.01923084,14
30,"male",27.40384674,16
30,"male",15.38461494,12
29,"male",45.45454407,16
29,"male",28.61615372,14
29,"female",16.82692337,14
29,"male",17.94871712,14
30,"male",24.03846169,12
30,"male",17.67596245,12
30,"male",15.38461494,12
29,"female",10.91476059,12
30,"female",2.403846264,14
29,"female",19.27083397,13
29,"male",11.05769253,12
29,"female",17.09401703,14
30,"female",45.67307663,16
29,"female",8.17307663,12
29,"male",59.13461685,16
30,"male",6.730769157,12
30,"male",11.05769253,12
29,"female",21.15384674,16
30,"male",27.77777863,13
30,"male",10.68376064,12
30,"male",20.67307663,14
29,"male",28.84615326,16
30,"female",26.25,16
29,"female",9.355509758,13
29,"female",8.136095047,13
29,"male",9.615385056,16
30,"female",7.211538315,13
30,"male",8.653845787,12
29,"male",6.730769157,12
30,"male",10.55555534,12
30,"male",46.15384674,14
29,"male",24.03846169,13
29,"female",12.98076916,13
30,"male",21.44970322,13
29,"male",12.01923084,14
30,"female",18.26922989,14
30,"male",33.65384674,16
30,"male",20.76922989,12
30,"male",8.136095047,12
29,"female",12.5,16
29,"male",25,16
30,"female",29.9145298,18
30,"female",5.769230843,13
30,"female",20.7489872,13
29,"male",16.82692337,8
29,"male",5.769230843,16
29,"male",8.17307663,10
30,"male",20.88461494,12
29,"male",7.307692528,12
30,"female",39.90384674,16
29,"female",8.17307663,12
29,"female",5.769230843,12
30,"male",21.15384674,13
29,"male",16.34615326,16
30,"male",15.38461494,12
29,"male",20.875,13
29,"female",12.5,18
30,"male",29.80769157,13
29,"female",10.57692337,13
30,"male",9.615385056,13
30,"male",40.86538315,16
29,"male",8.653845787,12
29,"male",12.01923084,10
29,"female",23.07692337,12
30,"male",6.153846264,8
29,"female",7.632653236,13
29,"female",9.134614944,12
29,"male",11.90476227,6
29,"male",21.63461494,16
29,"male",19.71153831,12
29,"male",12.5,18
29,"female",12.98076916,13
30,"female",19.23077011,14
30,"male",12.82051277,12
30,"female",12.01923084,13
30,"male",34.61538315,16
30,"male",14.67980766,13
29,"male",32.21154022,16
30,"male",13.94230747,16
30,"male",23.07692337,18
30,"female",36.32478714,18
29,"female",18.26922989,13
30,"male",13.46153831,12
29,"male",22.59615326,12
30,"male",17.48251724,12
30,"female",11.36363602,12
30,"female",11.53846169,13
30,"male",32.69230652,12
29,"male",9.935897827,12
29,"male",26.63461494,14
29,"female",16.66666603,16
30,"male",38.46154022,16
29,"male",12.23776245,16
30,"female",22.11538506,13
29,"male",10,10
30,"male",19.23077011,16
30,"female",17.06730843,14
29,"male",14.42307663,14
30,"male",15.22435856,12
29,"female",17.30769157,16
30,"male",11.25,13
30,"male",24.03846169,16
30,"male",34.61538315,12
30,"male",31.25,18
30,"female",19.23077011,16
30,"male",33.65384674,18
29,"male",8,12
29,"male",31.25,12
29,"male",8.990385056,13
29,"female",36.05769348,18
30,"female",5.288461685,16
30,"female",22.77327919,13
30,"female",13.46153831,12
29,"female",18.12130165,12
29,"male",19.23077011,13
29,"female",20.19230843,18
30,"female",17.69230843,16
29,"female",13.46153831,13
29,"female",12.56105804,13
29,"male",16.70778656,12
30,"female",10.09615421,13
29,"female",15.38461494,16
29,"female",18.13186836,13
30,"male",7.692307472,13
30,"female",15.46822739,16
30,"female",9.615385056,16
29,"male",17.94871712,12
29,"female",15,14
29,"male",21.5,13
30,"male",16.66666603,16
29,"male",15.38461494,12
30,"male",16.64201164,12
29,"male",2.958579779,12
30,"female",8.894230843,13
30,"female",32.5,18
29,"female",30.76922989,14
30,"female",4.487179279,13
30,"male",16.34615326,16
29,"male",13.75913429,16
29,"male",20.94017029,18
30,"male",14.42307663,16
29,"female",16.82692337,16
30,"male",16.23931694,12
30,"female",40.86538315,16
30,"male",7.211538315,12
30,"female",12.01923084,8
30,"male",29.80769157,12
30,"female",9.763313293,13
30,"male",15.38461494,14
30,"female",8.935508728,13
29,"female",10.57692337,12
30,"female",6.770833492,12
30,"male",12.39316273,13
29,"male",27.88461494,13
29,"female",4.273504257,12
30,"male",21.5,12
29,"female",6.25,12
30,"male",24.03846169,12
29,"male",7.692307472,16
30,"male",9.134614944,13
30,"male",14.42307663,14
29,"male",17.78846169,13
29,"male",22.22222137,14
30,"female",14.15094376,12
30,"male",15.73426533,16
30,"female",36.05769348,16
30,"male",12.01923084,12
29,"male",24.03846169,13
30,"female",25,16
30,"male",14.42307663,13
30,"male",14.42307663,16
29,"male",20.67307663,12
30,"female",6.346153736,14
29,"female",7.349999905,13
30,"male",22.23557663,13
30,"male",23.07692337,16
29,"male",15.38461494,16
29,"female",13.22115421,16
29,"female",8.284314156,14
29,"male",42.73504257,16
30,"male",24.51922989,18
30,"female",9.134614944,12
29,"male",9.615385056,12
29,"male",12.30769253,13
29,"female",29.80769157,13
30,"male",11.05769253,12
29,"male",22.43589783,12
29,"female",15.47619057,16
29,"male",15.38461494,12
29,"male",26.44230843,16
29,"male",10.09615421,12
30,"male",13.46153831,12
29,"male",21.36752129,12
29,"male",14.4970417,16
30,"female",19.71153831,16
29,"male",19.23077011,13
30,"male",28.84615326,12
29,"male",9.183673859,12
30,"male",20.38461494,14
30,"male",12.98076916,14
30,"male",11.53846169,12
29,"female",8.17307663,14
29,"male",6.923077106,12
29,"male",15.79670334,16
30,"female",22.59615326,16
29,"male",27.40384674,13
29,"female",16.82692337,13
29,"male",8.241758347,14
30,"female",32.21154022,12
29,"female",21.15384674,14
30,"female",17.78846169,16
30,"female",12.98076916,16
29,"female",15.38461494,16
30,"female",13.92735004,16
30,"male",7.211538315,12
30,"male",16.82692337,14
29,"female",12.01923084,14
29,"female",7.644230843,13
29,"female",7.5,14
29,"male",28.36538506,12
29,"male",19.23077011,12
30,"female",8.653845787,12
30,"male",16.82692337,16
30,"female",14.42307663,12
29,"female",17.30769157,16
29,"female",13.46153831,12
29,"male",23.19230843,16
30,"female",17.78846169,12
30,"male",12.98076916,13
30,"male",12.98076916,16
29,"male",10.2564106,12
30,"female",13.35470104,13
29,"male",25,18
29,"female",6.730769157,14
29,"male",24.72527504,16
29,"female",19.23077011,14
29,"male",21.53846169,14
29,"female",10.57692337,13
30,"male",23.07692337,10
29,"male",5.833333492,9
29,"male",11.05769253,11
29,"male",12.5,12
30,"male",16.82692337,12
29,"female",16.82692337,12
30,"male",21.15384674,12
29,"female",12.30769253,16
30,"male",12.30769253,14
30,"male",11.53846169,12
29,"male",25.64102554,13
30,"female",8.241758347,14
29,"female",13.88888931,12
29,"female",12.5,13
30,"male",30.76922989,16
29,"female",9.615385056,12
29,"female",17.10526276,13
29,"female",16.82692337,13
30,"male",12.30769253,14
29,"male",36.53845978,16
30,"female",17.30865479,13
29,"male",10.57692337,12
30,"male",28.84615326,16
30,"male",26.47058868,12
30,"male",34.61538315,16
29,"female",12.98076916,12
30,"male",12.01923084,14
30,"male",12.01923084,12
30,"male",10.81730747,12
30,"male",16.82692337,12
29,"male",43.26922989,16
30,"male",14.57725906,12
30,"male",35.57692337,16
30,"male",52.88461685,16
30,"female",37.98077011,13
30,"male",13.75,14
29,"male",15.86538506,6
29,"male",16.66666603,16
29,"male",12.98076916,12
29,"male",52.88461685,16
29,"female",7.211538315,12
30,"male",7.211538315,12
29,"male",27.47252655,16
30,"female",19.23077011,18
30,"female",21.63461494,14
29,"male",3.296703339,13
29,"male",17.08333397,12
29,"male",12.82051277,16
29,"female",30.98290634,16
29,"male",14.42307663,16
30,"male",28.84615326,13
30,"female",5.02136755,13
29,"male",16.04277992,16
29,"female",3.846153736,16
29,"male",2.884615421,12
29,"female",27.47252655,13
30,"male",23.92836571,13
29,"male",7.840236664,13
29,"male",21.85314751,16
30,"male",32.05128098,16
29,"male",16.82692337,11
29,"male",10.57692337,12
30,"male",16.82692337,12
30,"male",10,12
30,"female",9.615385056,16
29,"male",16.82692337,13
30,"female",5.769230843,13
30,"male",9.452991486,12
29,"male",12.01923084,13
30,"male",17.54807663,12
30,"male",14.9572649,12
29,"male",16.82692337,12
30,"female",18.26922989,16
29,"female",14.32078552,12
30,"male",31.25,12
29,"male",12.5,11
30,"male",17.94871712,13
30,"female",24.03846169,14
30,"male",21.97802162,14
30,"female",12.5,12
29,"male",11.53846169,12
29,"female",12.01923084,13
29,"female",6.25,6
30,"female",10,13
29,"male",23.55769157,16
29,"female",9.230769157,13
30,"male",4.807692528,8
29,"male",19.32692337,16
29,"male",5.274725437,12
30,"male",33.65384674,12
29,"male",7.846153736,12
30,"male",33.65384674,13
30,"male",13.98601437,13
30,"male",10.09615421,12
30,"male",14.42307663,18
29,"male",13.46153831,14
29,"female",14.90384579,14
29,"male",19.23077011,16
29,"female",8.547008514,12
30,"female",13.42259598,12
30,"male",18.80341911,12
29,"male",15.38461494,12
29,"female",25.48077011,16
30,"female",12.01923084,12
30,"male",16.34615326,16
30,"male",6,12
29,"female",11.05769253,12
30,"male",17.30769157,13
30,"female",14.42307663,16
29,"female",19.71153831,16
29,"female",9.615385056,9
29,"female",25.96153831,16
30,"male",4.807692528,16
30,"female",8.791209221,16
30,"male",2.884615421,9
29,"female",28.84615326,16
29,"male",36.05769348,16
30,"female",7.932692528,12
29,"male",13.2867136,16
30,"female",12.82051277,16
29,"male",30.76922989,16
29,"female",7.211538315,12
29,"female",11.53846169,16
30,"male",14.23076916,14
30,"female",15.18218613,13
30,"male",27.88461494,16
29,"female",24.03846169,16
30,"male",14.42307663,12
29,"female",13.24786282,14
29,"male",19.18192291,12
30,"male",7.5,12
29,"female",12.01923084,12
29,"male",27.77777863,16
29,"female",5.528846264,11
30,"male",6.410256386,14
30,"male",16.82692337,13
30,"female",12,12
29,"male",10.53113556,14
29,"male",12.5,12
29,"male",5.769230843,6
29,"female",14.42307663,13
30,"female",10.68376064,13
30,"male",15.14423084,14
30,"female",21.97802162,16
29,"male",6.730769157,9
29,"male",19.23077011,13
29,"female",12.33671951,12
29,"female",10,13
30,"male",13.46153831,13
30,"female",25,13
29,"male",5.769230843,12
29,"female",7.142857075,13
30,"female",9.615385056,12
29,"male",17.78846169,12
29,"male",13.46153831,11
30,"male",24.03846169,14
30,"male",18.26922989,13
30,"female",14.42307663,18
30,"female",16.34615326,18
30,"male",23.07692337,12
29,"male",19.23077011,12
29,"male",11.53846169,12
30,"female",4.567307472,16
29,"male",18.37606812,14
29,"female",17.96558762,16
29,"male",8.653845787,9
29,"male",56.08974457,16
29,"male",11.21794891,14
29,"male",16.20370293,12
29,"female",23.07692337,16
30,"male",21.15384674,12
29,"female",16.61538506,18
29,"male",24.78632545,16
30,"male",3.846153736,13
30,"male",17.62820435,13
29,"female",12.98076916,14
30,"male",25,13
29,"female",5.448718071,14
30,"female",24.03846169,13
29,"male",12.98076916,12
29,"male",24.03846169,12
30,"male",7.211538315,14
29,"male",7.692307472,6
30,"male",14.42307663,12
30,"female",8.17307663,12
29,"male",2.622377634,12
30,"male",52.88461685,16
29,"male",16.82692337,16
29,"male",17.30769157,14
29,"male",14.61538506,12
30,"male",12.82051277,14
30,"male",21.63461494,14
30,"male",25.30364418,12
30,"male",20.67307663,18
29,"male",24.61538506,16
30,"female",22.59615326,13
30,"female",9.245562553,14
30,"male",12.01923084,12
29,"male",10.57692337,12
29,"male",14.42307663,13
30,"female",7.692307472,11
30,"male",9.615385056,6
30,"female",8.444444656,10
30,"male",19.23077011,16
30,"female",7.211538315,13
29,"male",4.120879173,12
30,"male",11.11111069,13
29,"female",12.74038506,9
29,"female",16.34615326,12
29,"male",10.30219746,12
29,"female",19.23077011,14
30,"female",15.38461494,16
30,"female",16.82692337,16
29,"female",18.26922989,18
30,"female",9.519230843,13
29,"male",11.53846169,13
30,"male",23.07692337,16
30,"male",11.60000038,12
30,"male",24.03846169,16
30,"female",6.25,8
30,"female",14.27884579,13
29,"female",14.42307663,12
29,"male",17.78846169,12
30,"female",11.05769253,12
29,"male",12.08791256,12
29,"male",13.46153831,12
29,"female",6.3039217,11
30,"male",15.38461494,16
30,"male",14.69780254,16
29,"male",11.53846169,13
29,"male",16.82692337,12
29,"male",23.14814758,12
30,"male",20.83333397,13
29,"female",14.17004013,13
30,"female",15.06410217,14
29,"male",11.1888113,12
29,"female",19.23077011,14
29,"female",7.211538315,6
29,"female",14.42307663,13
29,"female",23.07692337,16
29,"female",8.653845787,6
30,"female",25.48077011,18
29,"female",14.42307663,14
29,"male",12.91208744,14
30,"female",14.42307663,14
30,"male",11.53846169,13
30,"male",23.50427437,16
30,"male",25.64102554,16
30,"female",14.42307663,13
30,"male",14.42307663,13
30,"male",24.03846169,12
30,"male",6.230769157,9
30,"female",7,9
30,"male",9.32692337,13
30,"female",12.98076916,13
30,"male",19.23077011,16
29,"male",13.46153831,12
30,"male",21.63461494,16
30,"male",27.47252655,18
29,"female",7.692307472,12
30,"male",17.78846169,13
29,"female",16.82692337,13
30,"male",17.17033005,18
30,"male",43.26971054,18
29,"male",10.89743614,13
30,"male",7.5,8
29,"female",12.01923084,18
29,"male",14.42307663,12
29,"female",19.23077011,13
29,"female",21.63461494,14
30,"male",17.94871712,18
30,"male",12.01923084,12
30,"male",19.15184593,12
29,"female",19.23077011,12
29,"male",21.67832184,16
30,"male",11.65384579,11
29,"male",14.30288506,12
30,"male",21.36752129,16
30,"female",16.82692337,16
30,"male",19.79269218,16
30,"female",18.69658089,16
30,"female",4.967032909,16
29,"male",11.53846169,12
29,"male",15.86538506,12
30,"male",14.42307663,13
29,"male",24.03846169,14
30,"female",72.11538696,18
29,"female",11.43451118,12
29,"male",20.67307663,14
30,"male",12.01923084,13
29,"female",12.20414162,13
30,"male",20.19230843,14
29,"female",14.9572649,14
30,"male",48.07692337,16
29,"female",7.692307472,13
29,"male",14.42307663,12
30,"female",4.326922894,12
30,"female",20.29914474,16
29,"female",11.05769253,16
29,"male",13.75,10
30,"female",23.55769157,14
29,"male",12.5,14
29,"male",12.01923084,16
29,"female",12.13369942,16
29,"male",8.108108521,8
29,"male",12.98076916,12
30,"female",9.615385056,12
29,"male",12.01923084,10
29,"female",19.47115326,16
30,"male",6.153846264,6
29,"male",16.82692337,12
29,"male",6.25,6
29,"male",11.51315784,13
29,"male",21.36752129,13
29,"male",21.63461494,16
30,"male",25,16
30,"female",21.63461494,16
30,"male",12.98076916,13
29,"female",10,13
29,"female",18.26922989,16
29,"female",24.61538506,14
30,"male",9.615385056,12
29,"male",24.03846169,12
29,"male",12.59615421,14
30,"female",92.5,18
30,"female",16.34615326,13
29,"male",9.410801888,10
30,"male",12.5,16
30,"male",3.076923132,9
29,"female",12.98076916,14
29,"female",8.888889313,14
30,"female",6.25,14
